12
1
2
1 2 22 1 0 -1
1 2 11 1 0 2
tilted_haar_x2
-5.412728e-003 0 -1
5.235754e-001 -4.308916e-001 
1
2
28 43 4 8 0 -1
28 47 4 4 0 2
haar_y2
-3.786006e-004 0 -1
3.337378e-001 -4.500975e-001 
1
2
0 5 60 17 0 -1
15 5 30 17 0 2
haar_x4
1.317440e-001 0 -1
-2.411170e-001 5.255824e-001 
1
2
45 1 8 8 0 -1
45 1 4 8 0 2
tilted_haar_y2
7.181885e-003 0 -1
9.940774e-002 -4.991286e-001 
1
2
21 4 12 30 0 -1
24 4 6 30 0 2
haar_x4
-6.559019e-003 0 -1
-9.385334e-001 1.276969e-001 
1
2
29 3 8 26 0 -1
31 3 4 26 0 2
haar_x4
-7.315741e-003 0 -1
-1.000000e+000 3.487643e-002 
1
2
23 17 8 16 0 -1
25 17 4 16 0 2
haar_x4
1.406339e-003 0 -1
1.623375e-001 -7.442030e-001 
1
2
28 35 5 8 0 -1
28 39 5 4 0 2
haar_y2
-4.096820e-004 0 -1
1.907505e-001 -3.804475e-001 
1
2
26 51 4 4 0 -1
26 53 4 2 0 2
haar_y2
-5.655053e-005 0 -1
2.785569e-001 -4.407250e-001 
1
2
41 38 4 13 0 -1
42 38 2 13 0 2
haar_x4
1.056253e-003 0 -1
4.361980e-002 -6.806961e-001 
1
3
0 41 12 18 0 -1
0 41 6 9 0 2
6 50 6 9 0 2
haar_x2_y2
-8.456312e-003 0 -1
5.873337e-001 -1.998799e-001 
1
2
40 44 6 3 0 -1
42 45 2 1 0 9
haar_point
-6.924121e-004 0 -1
-3.432201e-001 7.721935e-002 
-1.026803e+000

1
-1
