15
1
2
2 0 50 18 0 -1
2 9 50 9 0 2
haar_y2
2.791674e-002 0 -1
-5.030228e-001 3.557852e-001 
1
2
43 30 4 18 0 -1
43 39 4 9 0 2
haar_y2
-1.467739e-003 0 -1
2.188360e-001 -3.545995e-001 
1
2
1 6 56 3 0 -1
15 6 28 3 0 2
haar_x4
2.361450e-002 0 -1
-2.179828e-001 5.284714e-001 
1
2
11 53 38 4 0 -1
11 55 38 2 0 2
haar_y2
-3.932878e-003 0 -1
5.243156e-001 -2.020812e-001 
1
2
13 30 4 18 0 -1
13 39 4 9 0 2
haar_y2
-4.271130e-004 0 -1
2.780759e-001 -4.944452e-001 
1
2
46 41 7 3 0 -1
46 42 7 1 0 3
haar_y3
4.087306e-004 0 -1
5.150358e-002 -9.018118e-001 
1
2
0 18 6 7 0 -1
3 18 3 7 0 2
haar_x2
2.400931e-003 0 -1
-2.095182e-001 4.642561e-001 
1
2
51 13 3 9 0 -1
52 14 1 9 0 3
tilted_haar_y3
-9.640411e-004 0 -1
-6.572850e-001 5.682352e-002 
1
2
13 21 6 3 0 -1
12 22 6 1 0 3
tilted_haar_y3
5.874535e-004 0 -1
1.017499e-001 -9.561892e-001 
1
2
44 34 16 6 0 -1
42 36 16 2 0 3
tilted_haar_x3
-6.627276e-004 0 -1
-3.680557e-001 9.758022e-002 
1
2
18 42 6 4 0 -1
18 44 6 2 0 2
haar_y2
-1.348656e-004 0 -1
2.447945e-001 -3.789871e-001 
1
2
36 39 6 6 0 -1
38 41 2 2 0 9
haar_point
-1.694275e-003 0 -1
-5.910218e-001 6.914600e-002 
1
2
26 5 3 54 0 -1
27 5 1 54 0 3
haar_x3
4.194068e-004 0 -1
1.375721e-001 -6.659036e-001 
1
2
49 43 2 8 0 -1
49 45 2 4 0 2
haar_y4
-1.224642e-003 0 -1
-6.214810e-001 4.738617e-003 
1
2
9 43 2 8 0 -1
9 45 2 4 0 2
haar_y4
5.555351e-005 0 -1
-2.972994e-001 3.572527e-001 
-8.104960e-001

2
-1
