8
1
2
2 0 54 40 0 -1
2 10 54 20 0 2
haar_y4
7.001330e-002 0 -1
-5.820172e-001 5.863321e-001 
1
2
14 40 33 20 0 -1
14 50 33 10 0 2
haar_y2
-4.879855e-002 0 -1
6.141880e-001 -2.910850e-001 
1
2
0 1 18 35 0 -1
9 1 9 35 0 2
haar_x2
4.435675e-002 0 -1
-2.988657e-001 4.874197e-001 
1
2
42 36 1 14 0 -1
42 43 1 7 0 2
haar_y2
-2.123950e-004 0 -1
2.692420e-001 -3.425414e-001 
1
2
8 0 27 18 0 -1
8 6 27 6 0 3
haar_y3
8.690951e-003 0 -1
-3.403712e-001 4.009556e-001 
1
2
33 35 3 21 0 -1
34 35 1 21 0 3
haar_x3
9.889300e-004 0 -1
1.172615e-001 -9.328447e-001 
1
2
20 40 3 7 0 -1
21 41 1 7 0 3
tilted_haar_x3
-2.265691e-004 0 -1
-7.982305e-001 1.705516e-001 
1
2
43 30 2 18 0 -1
43 39 2 9 0 2
haar_y2
2.614373e-003 0 -1
-5.481473e-003 -6.986402e-001 
-9.607657e-001

0
-1
