7
1
2
9 24 37 36 0 -1
9 42 37 18 0 2
haar_y2
-9.727615e-002 0 -1
6.816030e-001 -5.519670e-001 
1
2
0 3 60 22 0 -1
15 3 30 22 0 2
haar_x4
1.008821e-001 0 -1
-3.833581e-001 6.478021e-001 
1
2
9 0 37 8 0 -1
9 4 37 4 0 2
haar_y2
9.186509e-003 0 -1
-2.587325e-001 5.869964e-001 
1
2
35 4 3 48 0 -1
36 4 1 48 0 3
haar_x3
4.736933e-004 0 -1
1.544792e-001 -4.232546e-001 
1
2
18 24 27 3 0 -1
17 25 27 1 0 3
tilted_haar_y3
9.714478e-004 0 -1
1.890063e-001 -8.896719e-001 
1
2
28 37 11 6 0 -1
28 40 11 3 0 2
haar_y2
-7.800857e-005 0 -1
1.616218e-001 -4.283463e-001 
1
2
13 55 23 4 0 -1
13 57 23 2 0 2
haar_y2
-2.113791e-003 0 -1
6.340438e-001 -2.561865e-001 
-9.451368e-001

-1
-1
